-0.37554    0.73324     -0.00417    -0.01307    0.00257     0.08555
-0.07055     0.75908      -0.12523     -0.01796     -0.00038     0.07922
-0.05218   0.72157    0.06845    -0.01736   0.00383    0.07847
0.17157    0.85373    -0.01974   -0.01839   0.00436    0.07240
-0.15401   0.73845    -0.01536   -0.01362   0.00393    0.08172
-0.78573   0.40608    -0.24226   -0.02580   0.01136    0.07178
-0.75284   1.02901    0.04835    -0.02796   -0.03839   0.09085
-0.35714   0.56615    0.09915    -0.00385   -0.01129   0.04423
0.37554    0.77154    0.03511    -0.01948   0.00206    0.06496
0.61239     0.82583     0.25341     -0.02054    -0.00816    0.07888
-0.37159   0.79055    0.02570    -0.01775   0.00318    0.09514
0.57549   0.97963   -0.20706  -0.02697  0.01135   0.08706
0.00647     0.70059     0.20361     -0.01093    -0.00868    0.05595
0.36241    0.83500    0.03085    -0.02249   -0.01635   0.08292
-0.10602   0.70470    -0.19823   -0.01298   0.02724    0.07386
-0.94574    0.69762     -0.02485    -0.00892    -0.01578    0.07787
-0.24614   0.67714    -0.11764   -0.01178   0.00221    0.07934
0.00262    0.73590    -0.14674   -0.01368   0.01059    0.07456
-0.41345    0.72752     0.11648     -0.01236    -0.00715    0.08594
0.09275    0.80622    -0.35765   -0.01955   0.01457    0.08851
-0.31423    0.80683     -0.12005    -0.01427    -0.00175    0.06976
-0.00982    0.66677     0.13555     -0.01310    -0.00524    0.07358
-0.27736   0.84289    0.05806    -0.01895   0.01055    0.08878
-0.62845    0.70122     -0.09682    -0.01515    -0.00111    0.08597
-0.33646    0.91999     -0.15290    -0.01746    0.00039     0.08167
0.02061    0.65306    -0.07419   -0.01761   0.00695    0.06818
0.28416     0.76515     0.30236     -0.01919    -0.00437    0.06899
0.19910    0.83606    0.05186    -0.01820   0.00485    0.06923
-0.42133   0.82691    -0.30324   -0.02295   0.01471    0.10154
0.14346    0.85998    0.23102    -0.01089   -0.00259   0.07780
0.39389    1.00786    -0.62885   -0.02281   0.10294    0.08445
0.15636    1.39078    -0.16918   -0.02653   0.02937    0.14652
0.13576    0.63201    -0.17640   -0.02807   0.01304    0.08105
0.07348    0.68247    -0.61592   -0.02589   0.07237    0.09238
0.03816    0.85547    -0.38635   -0.01883   0.04521    0.08856
0.35826     0.95531     -0.07687    -0.01931    -0.00163    0.08310
0.42690    0.59209    -0.01106   -0.01063   0.04753    0.05468
-0.14953    -0.16023    -0.63598    -0.00715    0.02878     0.02576
0.63573     0.10123     0.01326     -0.00657    0.02161     0.02664
0.53529    0.10704    -0.53226   -0.01187   0.06906    0.02954
0.73138    -0.26899   2.22702    0.02966    -0.22378   -0.02231
-0.25754   -0.79470   0.90806    0.03053    -0.10253   -0.08530
0.76372    0.77094    -0.25025   -0.02016   0.03723    0.11495
-0.18759   1.51293    0.04211    -0.01374   0.00866    0.12172
-0.60934   1.37627    -0.41556   -0.03351   0.04627    0.10798
0.28303    0.51668    -1.10070   -0.01740   0.10809    0.05833
-0.34844   0.14449    0.17942    -0.02185   -0.01809   0.00155
0.02957    1.86718    0.57518    -0.01180   -0.07295   0.14406
-0.38371   1.69258    -0.55619   -0.01577   0.04340    0.14372
-0.88407   1.72594    0.11218    -0.01762   -0.04305   0.14671
-0.73477   1.52801    1.07733    -0.04036   -0.09965   0.13518
-0.77334   1.90341    -0.67338   -0.05038   0.11372    0.16684
-0.53809   2.20814    0.04909    -0.02395   -0.01392   0.16093
-0.50836   1.56885    -0.21134   -0.03820   0.03828    0.14774
-0.12065   0.80135    -0.33139   -0.02063   0.01886    0.08739
-0.34161   -0.49368   -0.17371   0.00556    -0.01990   -0.02607
-0.52952    0.18696     -0.00190    0.01410     -0.02318    -0.00589
1.09316     1.21286     0.32278     -0.02487    -0.00637    0.08935
-0.09885    0.63473     -0.05376    -0.01074    -0.00546    0.05281
0.61198     0.50209     0.17633     -0.01016    -0.00663    0.05223
0.30511    0.33116    0.17921    0.00140    -0.02999   0.01594
0.70674     0.34613     -0.17188    -0.00675    0.04172     0.02661
0.36447     0.67437     -0.05646    -0.00823    0.05350     0.04954
0.11865     0.69932     -0.64695    -0.00805    0.06718     0.04181
0.28883    1.49492    -0.66957   -0.02689   0.05572    0.09599
0.16887    2.24394    -0.05770   -0.03495   0.01491    0.17073
-0.74194   1.80807    0.51196    -0.03177   -0.06079   0.12498
-0.48880   1.37267    -0.27028   -0.01879   0.04003    0.09708
-0.58452   1.72743    -0.05409   -0.02385   0.05545    0.12716
-0.53873   1.67351    0.77040    -0.03438   -0.05042   0.12010
-0.36216   1.70585    0.52194    -0.02414   0.00387    0.10709
-0.23210   1.33671    0.21371    -0.01470   -0.01580   0.08641
-0.28927   1.27848    0.81576    -0.01986   -0.04208   0.08762
-0.26253    0.85387     0.95391     0.01573     -0.08733    0.00087
-0.21371   0.14896    0.13672    -0.01264   0.00514    -0.01684
0.38081    1.07936    0.21688    -0.01328   0.04573    0.04701
0.59845    1.16852    0.00763    -0.01385   0.01823    0.07103
0.65048    0.75952    0.14490    -0.01837   0.05263    0.02426
0.82757     0.61295     0.56000     -0.00835    -0.03010    -0.00970
0.14730     1.01117     -0.01738    -0.00796    0.02720     0.08019
0.10125    1.84810    -0.29521   -0.03829   0.06209    0.13478
-0.16951    1.80801     0.35812     -0.02418    -0.00431    0.10785
-0.10388   1.56306    -0.10870   -0.02781   0.01756    0.05693
-1.03558   1.65668    0.02021    -0.03126   0.01826    0.07550
-1.01268   2.35891    0.72170    -0.02093   -0.02816   0.13562
0.11387     1.95468     0.80929     -0.01452    -0.00384    0.11987
-0.12447   1.50055    0.56235    -0.02960   -0.00747   0.06118
-0.86459   1.36870    0.18787    -0.01488   0.01339    0.04972
-0.20773   1.65106    -0.39454   -0.02127   0.06372    0.09102
-0.26672    1.84980     0.69220     -0.01992    -0.00651    0.06555
0.36449     1.43740     0.65918     -0.00804    -0.03509    0.04935
-0.15365   0.84476    0.97152    0.00576    -0.06698   -0.02907
-0.35628    1.16110     0.07804     -0.00569    0.00943     0.03125
-0.57542   1.58837    -0.59223   -0.02644   0.09037    0.08299
0.25038    1.68883    -0.44542   -0.04225   0.11873    0.09689
-0.48532    1.55742     -0.32846    -0.00932    0.06360     0.05103
0.35481    1.73936    0.30365    -0.02319   0.02069    0.08560
-0.12476   1.82331    0.15758    -0.02512   0.05783    0.08715
0.53376     1.59152     0.29190     -0.00978    0.03954     0.04961
0.11954    1.06092    1.00343    0.00468    -0.06102   0.01746
-0.02475    2.26277     0.69274     -0.02928    -0.00132    0.09726
-1.08012   2.43632    0.66293    -0.02221   0.00120    0.13087
-0.64002   2.38200    0.10068    -0.02706   0.00151    0.13688
-0.08278   1.41255    0.47363    -0.01323   0.00297    0.03283
0.05171     0.94197     0.58216     -0.00200    0.00510     0.00373
-0.06309   1.86284    0.66657    -0.01164   -0.02979   0.08514
-0.38437   1.57561    0.11374    -0.02890   0.02248    0.05101
-0.03255   1.45287    0.71116    -0.01668   -0.02666   0.04507
0.19835    1.35670    -0.21059   -0.01284   0.08383    0.04964
-0.61271   2.02455    0.08816    -0.03495   0.00743    0.08184
0.05275    2.40760    0.50228    -0.02706   0.01632    0.13606
-0.48788   1.37149    0.41206    -0.01094   0.03428    0.03401
-0.24695    1.72925     0.77512     -0.00767    -0.00724    0.08962
-0.29714    1.85565     0.59477     -0.01345    -0.00102    0.09834
-0.15107    1.67297     0.73890     -0.00131    -0.04918    0.06468
-0.12584   1.70416    -0.12197   -0.02450   0.06164    0.10519
-0.30283    1.78105     -0.31698    -0.00775    0.08668     0.06510
0.00873    2.04537    0.02173    -0.02840   0.02614    0.11960
0.30813    1.74609    -0.08266   -0.03794   0.09050    0.06099
-0.18698   2.09822    0.45057    -0.01072   0.01450    0.11151
-0.27847   0.81652    0.25766    -0.02113   0.02033    0.01975
0.25671    1.47562    0.93039    -0.02050   -0.01771   0.04622
-0.70064    1.24816     0.38698     -0.00934    0.01443     0.03640
-0.24335    1.60399     0.91527     -0.01301    -0.00972    0.04510
-0.46355   1.43965    -0.34606   -0.02718   0.06736    0.05677
-0.27018   1.65913    0.46253    0.00359    -0.01363   0.04479
0.60754    1.64793    -0.14025   -0.02556   0.07382    0.05253
0.35205     1.56140     0.74254     -0.02694    -0.00458    0.03987
-0.09736   1.36024    1.53342    -0.02624   -0.07378   0.02420
-0.40635    1.19101     0.79009     -0.00545    -0.00604    0.02352
-0.54340    2.04226     0.85798     -0.02617    -0.00248    0.12121
-0.81839   2.41851    0.63043    -0.03431   -0.02850   0.12701
-0.54419   2.00819    0.29993    -0.03461   0.00343    0.12242
-0.10174    1.46852     0.42992     -0.00118    0.01426     0.02814
-0.27895   1.66723    1.21041    -0.02436   -0.06028   0.05299
0.24993     2.20796     0.53453     -0.01904    -0.00746    0.07609
0.37985   1.44016   0.10749   -0.01485  0.05532   0.06790
-0.14496    1.45819     0.75264     -0.00886    -0.02269    0.08624
-0.23330   1.35300    -0.16784   -0.02322   0.09894    0.05216
0.04634    2.10837    0.10251    -0.03433   0.07744    0.10560
0.30709    1.35933    0.58809    -0.01173   0.01531    0.06703
0.13918    1.19835    0.09404    -0.01489   0.04434    0.02302
-0.32036   1.22425    0.49445    0.00145    -0.01057   0.01437
-0.51766  2.21156   0.27146   -0.03044  0.03385   0.12826
-0.40546   2.13608    1.00177    -0.01600   -0.04873   0.15112
-0.36654   0.97478    0.40950    -0.01227   0.02659    0.02758
-0.48683    1.46629     0.59259     -0.00630    -0.01815    0.03532
-0.28493   1.65661    0.83566    -0.01344   -0.01761   0.07075
-0.09684   1.64120    0.54339    -0.01602   0.00241    0.07718
-0.17320    1.03265     0.38648     -0.00750    0.01898     0.04216
-0.03749   0.79905    0.69731    -0.01250   0.01669    0.02120
-0.33911   1.23308    0.09882    -0.01617   0.01819    0.04609
0.09386    1.39597    -0.21894   -0.03346   0.06977    0.08497
-0.45783   1.38284    0.77770    -0.01362   -0.04532   0.05415
-0.11993    0.90595     0.66402     -0.01538    0.00034     0.02193
-0.00327   0.86085    -0.05376   -0.01026   0.00567    0.00934
0.11465    1.01311    0.40582    -0.01895   0.05028    0.06503
0.82991    1.79560    0.18354    0.00734    0.06205    0.16595
1.11406    0.77043    -0.66574   0.00703    0.12930    0.07934
2.66627   1.10697   -0.21787  0.01648   0.13097   0.09885
2.31732    1.19394    -0.16036   0.00340    0.14064    0.17592
2.67001   1.07754   -0.65798  0.02172   0.18500   0.16854
2.28199   1.24060   -0.52872  0.03350   0.11064   0.18316
2.60478    1.03681    -0.10084   0.00131    0.14280    0.17100
2.70598   0.76769   -0.94018  0.02925   0.21587   0.14380
3.43729   1.04589   0.07284   0.04746   0.13000   0.16574
3.14361   0.76776   0.57401   0.03270   0.06083   0.14115
3.57448   0.28421   -0.37967  0.03291   0.17246   0.12536
3.08717   0.06053   0.16207   0.05709   0.11789   0.10097
2.84205   0.32593   -0.26069  0.01042   0.14797   0.14144
3.47226   0.61825   -0.47251  0.03412   0.16597   0.13161
3.47793   -0.11543  -0.71314  0.02513   0.17137   0.12969
3.46431   -0.14032  -0.64912  0.03156   0.18405   0.08758
3.20167   0.55261   -0.34831  0.04585   0.15443   0.13510
1.93581   0.50528   -0.57828  0.01784   0.15957   0.11645
2.20553   0.70954   0.11144   0.01691   0.11930   0.13311
2.30800    0.23475    0.41007    0.00897    0.07628    0.08527
0.97314    0.00680    -0.52742   0.01482    0.14599    0.06176
2.10689   1.21648   0.03327   0.01606   0.09332   0.16906
1.19318   1.01501   -0.13788  0.02381   0.11026   0.11929
2.12554   0.15873   -1.00860  0.03907   0.16440   0.07537
2.40681    -0.01380   -0.57472   0.03849    0.18448    0.05196
2.83762   0.34939   -0.99224  0.05052   0.18305   0.10485
2.49645   0.11384   -1.71912  0.04458   0.26830   0.09204
2.78221    0.36065    -0.07840   0.05445    0.12091    0.09233
1.99798   -0.35896  -0.97699  0.06494   0.18144   0.02097
1.38472   0.08497   -1.00315  0.05197   0.18107   0.05023
1.54326     1.11608     0.11800     -0.00236    0.09775     0.14648
0.84295   0.76191   -0.48504  0.02848   0.08181   0.08834
2.32970   0.56057   -0.64609  0.05044   0.15809   0.07949
1.68940   0.00839   -0.77303  0.04839   0.13123   0.04686
2.52127   0.29706   -0.43886  0.03027   0.14703   0.09285
1.87311   -0.09028  -0.81497  0.04804   0.14654   0.01227
2.26561   0.39172   -0.44080  0.04866   0.15397   0.05239
2.48392   0.82679   -0.82720  0.04181   0.20510   0.11683
2.23652   0.80761   -1.02390  0.01124   0.20198   0.11252
1.84206   0.81845   -0.71816  0.05508   0.13176   0.06415
1.02125    -0.19932   -1.84136   0.07289    0.22526    -0.01046
1.64297    -0.82904   -2.25055   0.12558    0.29242    -0.01721
2.13226   -0.46260  -2.10405  0.07952   0.32495   0.01348
3.29593  0.76375  -2.90205 0.07175  0.44139  0.17213
2.28013  0.72231  -3.39832 0.09040  0.48240  0.15468
3.02679   -0.26296  -4.47571  0.07272   0.62060   0.09983
4.04013   -0.60024  -4.46222  0.09286   0.62855   0.07794
3.87875   -1.01490  -4.81690  0.15764   0.72674   0.08492
3.34105   -1.12276  -5.92148  0.24944   0.82352   0.05159
4.13517    -1.44892   -7.08494   0.21568    0.98108    0.00713
3.93869    -2.03354   -7.74340   0.22133    1.05604    0.00708
4.96322    -1.87821   -6.50487   0.29966    1.01990    -0.01767
5.09675    -2.56752   -7.92027   0.27318    1.12658    -0.05083
4.91868   -3.01768  -8.10724  0.28249   1.15952   -0.10180
5.16472   -3.47220  -7.80809  0.32605   1.13689   -0.16132
5.16105   -3.47209  -7.32349  0.39577   1.11984   -0.15988
4.48385   -3.36015  -8.31019  0.34541   1.20001   -0.17621
5.63566    -2.62751   -7.60174   0.23536    1.13442    -0.06065
6.30627  0.33936  -4.93574 0.12926  0.76218  0.29193
6.11690  1.31187  -5.26759 0.10743  0.79602  0.39571
5.05836  1.50980  -5.23681 0.09877  0.74539  0.37826
4.65087   1.16670   -4.74974  0.09991   0.70378   0.35295
4.85788   1.11983   -4.32424  0.09171   0.67938   0.34512
4.07118   0.88225   -4.59384  0.03964   0.64033   0.24206
4.36437   2.10820   -3.91629  0.06652   0.62652   0.41923
3.37486   2.47211   -5.09724  0.06477   0.75223   0.43777
5.07720  2.02785  -5.71484 0.11241  0.82666  0.45677
5.58847   2.57544   -5.74925  0.09695   0.91488   0.49033
4.62817  2.56540  -7.28654 0.10368  0.99826  0.51067
5.32162  2.21753  -7.70606 0.12838  1.07992  0.54266
5.65755  2.27212  -7.65519 0.13539  1.12373  0.54018
5.54118  2.10561  -8.28054 0.13092  1.18974  0.52054
5.65570  1.96337  -8.66711 0.13283  1.25021  0.51426
5.54228  2.29107  -8.84847 0.14547  1.25979  0.49819
5.92572  1.96766  -8.81619 0.15220  1.28535  0.49401
6.38470  1.78779  -8.49062 0.16014  1.27626  0.49626
6.01419  1.83772  -8.47425 0.15778  1.25610  0.51288
5.81497  2.24112  -8.27702 0.13278  1.17854  0.54693
6.98923  2.09035  -7.64283 0.12819  1.15589  0.52721
6.30922  1.60594  -8.24842 0.15037  1.24447  0.44086
6.40033  1.47410  -8.13832 0.17298  1.22413  0.41687
5.96370  2.00184  -7.54343 0.14883  1.12457  0.45228
5.71102  2.44227  -8.17519 0.16940  1.22217  0.52401
5.57702  1.16657  -10.25172 0.23019  1.45694  0.42296
6.77005  0.84489  -10.07971 0.25517  1.50048  0.42892
6.41153  0.93389  -10.91628 0.25137  1.55764  0.42679
6.62020  1.29847  -11.32083 0.26776  1.62105  0.46049
6.83811  1.32862  -11.66398 0.27536  1.70171  0.47279
6.19219  1.27815  -12.28729 0.30164  1.75973  0.49370
6.65687  0.99036  -12.82948 0.30975  1.80077  0.47297
7.28441  0.49788  -12.58319 0.30513  1.80372  0.42477
7.29419  0.98884  -12.36871 0.28622  1.78359  0.44839
7.46506  0.89675  -12.24724 0.30701  1.78192  0.42049
7.15738  0.43692  -11.86336 0.28253  1.74342  0.40344
7.68681  0.68598  -11.79272 0.29875  1.72735  0.39619
7.16730  0.33396  -12.01264 0.28730  1.73435  0.35553
6.73752  0.23419  -11.71283 0.28192  1.65911  0.33410
6.26306   -0.17914  -11.61020 0.33308   1.62600   0.28084
6.82691  0.47853  -11.00046 0.25615  1.60399  0.36154
6.81304  1.42162  -10.72626 0.24924  1.54976  0.48639
6.76979  2.00258  -10.99505 0.25386  1.60846  0.55112
7.07786  1.55098  -11.54986 0.26921  1.69637  0.56040
7.25133  1.42437  -11.88171 0.28196  1.73429  0.53713
7.89820  2.11926  -11.54637 0.24653  1.73768  0.62110
7.63787  2.34257  -11.45906 0.23014  1.68793  0.64344
7.75509  2.34476  -11.44527 0.23344  1.69565  0.66932
8.15016  1.48506  -12.14997 0.34136  1.82059  0.57049
7.36006  0.69288  -13.11234 0.33093  1.84628  0.50500
7.89925  0.16523  -13.83899 0.36862  1.91257  0.46485
7.93802   -0.25224  -13.74117 0.39898   1.91912   0.41881
8.33895   -0.58198  -14.14570 0.39976   1.96093   0.40327
8.43988   -0.60837  -14.36737 0.39554   1.98412   0.41973
9.13798  1.19199  -12.91690 0.27136  1.85009  0.57480
9.79210  2.31533  -11.99458 0.38234  1.86531  0.65152
7.19709  -0.67202 -15.70539 0.42186  2.07523  0.40289
8.80306  -1.41184 -16.57373 0.50816  2.19637  0.35180
8.55040  -1.98285 -17.62514 0.55422  2.29908  0.30075
8.39183  -2.31855 -17.82746 0.56733  2.32096  0.26655
8.99489  -2.67077 -18.69531 0.59812  2.40754  0.26154
8.71227  -3.09591 -19.46844 0.62867  2.46685  0.20411
8.78405  -2.99984 -19.93852 0.65187  2.52175  0.21626
9.48443  -2.88965 -20.39831 0.61953  2.56854  0.25352
8.38940  -3.23020 -21.21250 0.65797  2.60800  0.21709
8.89737  -3.71438 -21.33646 0.67584  2.68059  0.20700
9.18961  -3.35160 -21.45523 0.66386  2.69535  0.19526
9.25254  -3.61253 -21.66367 0.67045  2.69977  0.17320
9.70224  -3.93700 -21.46302 0.69606  2.71758  0.16777
9.71257  -4.02351 -21.69673 0.72766  2.72175  0.12491
10.04589  -4.22399  -21.88956 0.74252   2.74620   0.08023
8.26277   -4.86944  -22.36927 0.76949   2.73131   0.01997
9.17585    -5.17988   -22.40040  0.78177    2.76029    -0.01271
9.32708    -5.67945   -22.37343  0.80727    2.76530    -0.08067
9.50972   -5.61264  -22.38202 0.81450   2.76393   -0.10490
8.61094   -5.61588  -22.68824 0.82580   2.78429   -0.09146
9.45689    -5.38786   -22.14664  0.82474    2.76606    -0.07653
8.81653    -5.34423   -22.55797  0.82097    2.80610    -0.03723
9.45927    -5.38181   -22.88736  0.82897    2.81949    -0.01309
8.93500    -5.17641   -23.44461  0.81836    2.85606    0.00472
9.55714   -5.16970  -23.37806 0.80493   2.86839   0.01067
9.60851   -5.22875  -23.55880 0.80769   2.89746   0.02200
9.22889   -5.10021  -23.94462 0.81679   2.92131   0.03196
9.32083   -5.49989  -24.32233 0.82711   2.94948   0.03965
9.32457   -5.11226  -24.60896 0.81367   2.98797   0.04717
10.29019  -5.11656  -24.69929 0.82813   3.00805   0.09054
10.22262  -5.14875  -24.97111 0.84667   3.01998   0.09138
9.90339   -5.18643  -25.11950 0.85932   3.04092   0.07593
9.80884   -5.03512  -25.42926 0.85000   3.05936   0.09886
10.27692  -5.12386  -25.33943 0.87238   3.08757   0.09730
10.31328 -5.12625 -25.79692 0.87450  3.11426  0.13243
9.80485  -5.01252 -25.99951 0.88589  3.13548  0.13536
10.34333 -5.19315 -26.18975 0.88976  3.14942  0.13043
10.56779 -5.34616 -25.97325 0.87842  3.14033  0.10451
10.67282  -5.74595  -26.09576 0.90616   3.15050   0.04866
10.07648   -5.96364   -26.32952  0.91375    3.17923    0.00252
9.76915    -6.16718   -26.39166  0.89999    3.18181    -0.01022
10.00129 -6.08548 -26.42176 0.90705  3.18228  -0.03177
9.98704     -6.06664    -26.81387   0.92425     3.20428     -0.00451
10.07197   -6.41047   -27.11822  0.93729    3.22678    -0.06269
10.07921   -6.58227   -26.80632  0.92639    3.21403    -0.08102
9.42535    -6.40230   -26.25316  0.90703    3.12297    -0.06711
9.62066    -6.38290   -25.66186  0.86949    3.03856    -0.04272
9.58825   -6.66019  -25.66358 0.90339   3.10022   -0.10868
9.34559   -7.63930  -26.54483 0.96452   3.18336   -0.21791
9.36471   -7.60882  -26.98397 0.99499   3.18687   -0.28166
9.07695  -7.48980 -27.09710 0.99085  3.22265  -0.25120
9.14719   -7.68068  -27.62428 1.00691   3.23930   -0.23643
8.98661   -7.59631  -27.81396 1.03771   3.30280   -0.23489
8.88100   -7.57171  -28.83285 1.04436   3.35734   -0.18644
9.87046   -7.62045  -28.77808 1.06790   3.40542   -0.20923
9.39977   -7.68906  -29.17556 1.06133   3.39437   -0.22508
9.35516   -7.69615  -28.96676 1.05851   3.40420   -0.19285
9.56697   -7.64558  -28.62089 1.06271   3.38574   -0.20881
9.05578   -7.69541  -29.11069 1.06671   3.37865   -0.17595
9.91653   -7.37337  -28.70001 1.04769   3.37156   -0.16230
9.42943   -7.64306  -29.04337 1.05881   3.36737   -0.16953
9.22184   -7.31353  -28.73987 1.03657   3.34500   -0.14314
9.83236   -6.94836  -28.47653 1.03595   3.33093   -0.11945
9.88176   -7.00433  -28.32487 1.02638   3.32218   -0.12570
9.62547   -6.85512  -28.43920 1.01707   3.31441   -0.10319
9.76470   -6.59453  -27.91368 1.00790   3.31271   -0.08323
10.09834   -6.69328   -28.19753  1.00883    3.29980    -0.09234
9.71905   -6.96084  -28.30014 1.01501   3.29812   -0.11411
9.61053   -7.22050  -27.95989 1.01811   3.28661   -0.12670
9.73755   -7.15862  -27.66886 1.00939   3.26636   -0.14800
9.62939   -7.33267  -27.60027 1.01507   3.25708   -0.16325
9.31677   -7.14347  -27.79015 1.02162   3.26186   -0.17069
10.04876  -7.23829  -27.66287 1.01519   3.25852   -0.17485
8.89599  -7.29345 -27.77511 1.02240  3.23856  -0.16654
9.51361   -7.57901  -27.49780 1.02080   3.22496   -0.17905
9.39543   -7.44795  -27.47414 1.02633   3.23105   -0.20524
9.77500   -7.38697  -27.36382 1.01385   3.22180   -0.18188
9.14961  -7.03724 -27.44017 1.00866  3.22087  -0.14124
9.50041   -6.56151  -27.10954 0.98576   3.22287   -0.10098
9.49768    -6.52596   -26.99947  0.98361    3.22745    -0.08960
9.55268   -6.53841  -27.17563 0.98288   3.22807   -0.10717
9.53833   -6.44433  -27.11071 0.97945   3.22363   -0.10883
9.95472   -6.56267  -27.06719 0.96369   3.19927   -0.10056
9.51109   -6.66526  -26.94339 0.96695   3.19197   -0.10224
9.66431   -6.52892  -27.12118 0.96697   3.20231   -0.10488
9.62318   -6.62495  -27.16812 0.96807   3.20204   -0.11226
9.91388    -6.53770   -27.03812  0.96346    3.19184    -0.09444
9.81951   -6.20523  -26.87547 0.95554   3.20599   -0.07213
9.36751    -5.85474   -27.25929  0.94589    3.21284    -0.03592
9.94518     -5.62080    -26.70574   0.94144     3.23354     0.00019
9.82047   -5.67267  -27.10960 0.93691   3.22743   0.01769
9.49380    -5.94351   -27.18589  0.95021    3.23704    -0.02985
8.96748    -5.89757   -27.59803  0.95303    3.23531    -0.03181
9.28289   -6.05774  -27.18628 0.95363   3.21787   -0.06146
9.14815    -6.22700   -26.91642  0.96178    3.20805    -0.07319
9.57489    -6.23410   -26.78781  0.95035    3.19570    -0.08267
8.80539    -6.28855   -27.21882  0.95691    3.20138    -0.08413
9.49689    -6.20551   -27.16163  0.94915    3.19332    -0.05782
9.21773    -6.02423   -26.95687  0.94247    3.19910    -0.04573
9.03497    -5.90092   -26.98152  0.94779    3.20809    -0.02654
9.55869    -5.73469   -27.05117  0.94389    3.21263    -0.01839
9.31656     -5.82171    -26.81853   0.93422     3.20654     -0.00813
9.18688    -5.58286   -27.04577  0.94273    3.20980    -0.00811
8.79273    -5.88974   -27.05511  0.94571    3.21400    -0.02715
9.00506   -6.02017  -27.17164 0.94036   3.20682   -0.04260
9.36902    -6.07514   -27.09428  0.94276    3.20045    -0.04581
8.78271    -6.17716   -27.13720  0.94631    3.19728    -0.05066
9.16416    -6.28796   -27.00123  0.95212    3.20607    -0.07307
9.75797   -5.79465  -26.96175 0.94026   3.19909   -0.05304
9.76830    -5.87011   -26.65906  0.92848    3.19296    -0.03305
10.03727   -5.80247   -26.70438  0.92430    3.20062    -0.02341
9.16433     -5.90406    -27.14008   0.93181     3.20383     -0.00646
9.53041     -5.73946    -26.88101   0.92064     3.19362     -0.00620
9.23819     -5.78400    -26.82533   0.93177     3.20045     -0.00327
9.43940    -5.88602   -26.90880  0.93050    3.19690    -0.02236
9.40209   -5.90665  -26.82815 0.92953   3.18868   -0.03780
9.51635    -6.01475   -26.76190  0.92589    3.19020    -0.03748
9.42935    -6.04148   -26.82922  0.92381    3.18754    -0.04949
9.34543    -6.08740   -26.86554  0.91453    3.17558    -0.05000
8.88576    -5.84248   -26.61057  0.90485    3.16975    -0.03673
9.37277    -5.52144   -26.72753  0.88951    3.15796    -0.01950
9.27021    -5.45523   -26.48639  0.88096    3.15924    0.00296
9.75944   -5.61458  -26.49664 0.88468   3.15214   0.01584
9.01963   -5.40987  -26.39853 0.88420   3.15899   0.01314
9.44896    -5.56622   -26.50583  0.87553    3.15058    0.00424
8.89311      -5.48445     -26.50099    0.87838      3.13501      -0.00003
9.13391    -5.75342   -26.20531  0.87815    3.12735    -0.00911
9.28882    -5.81458   -26.13244  0.86846    3.09961    -0.03849
8.91328    -5.67778   -25.98306  0.85679    3.09302    -0.04039
9.42651    -5.77213   -25.67165  0.85418    3.08737    -0.02958
8.45393    -5.84528   -26.14953  0.87061    3.11533    -0.03929
9.79866    -5.63383   -25.89466  0.85301    3.11561    -0.03355
9.45064    -5.52892   -25.75850  0.83934    3.09014    -0.01127
9.36364     -5.52863    -25.42060   0.84246     3.09343     -0.00216
9.05520    -5.52267   -25.89915  0.84962    3.10239    -0.01414
9.00493    -5.56390   -25.93082  0.84910    3.09813    -0.02500
9.11733    -5.59162   -25.91922  0.84073    3.09005    -0.03072
9.22409   -5.54847  -25.50276 0.84374   3.08202   -0.02416
8.96646    -5.68616   -25.61298  0.84393    3.07655    -0.04547
9.29432    -5.88605   -25.82456  0.84747    3.08109    -0.05340
8.54044    -5.89465   -25.57067  0.85032    3.07661    -0.04889
8.69523    -5.74412   -25.39223  0.83165    3.04164    -0.05494
9.25414    -5.63489   -24.98663  0.81697    3.00492    -0.04677
9.08812   -5.51360  -24.59269 0.80900   2.98715   -0.05264
8.72883    -5.69342   -24.70365  0.80368    2.96896    -0.05028
8.92700    -5.63118   -24.57689  0.80801    2.97213    -0.04548
8.81605    -5.32488   -24.72707  0.80708    2.97440    -0.04996
8.77893    -5.58954   -24.44907  0.80949    2.97755    -0.04850
8.63889    -5.68890   -24.65776  0.81043    2.98089    -0.05647
7.94468    -5.74281   -25.09592  0.81345    2.97063    -0.06502
8.65861    -5.74873   -24.60991  0.81162    2.97370    -0.07091
8.70463    -5.91250   -24.80684  0.81038    2.96483    -0.06151
8.62399    -5.80653   -24.40574  0.81403    2.96917    -0.07141
9.12638    -5.77704   -24.38050  0.80981    2.96549    -0.06744
8.57559    -5.59950   -24.61679  0.80532    2.96972    -0.06078
8.74658    -5.58196   -24.67110  0.80638    2.96488    -0.06811
9.41746    -5.60024   -24.33352  0.80207    2.96445    -0.05849
7.90873    -5.60985   -24.63709  0.80184    2.97189    -0.05602
8.74215    -5.77183   -24.80685  0.79716    2.96858    -0.05457
8.92074    -5.61196   -24.66998  0.79431    2.97216    -0.05821
8.78672    -5.68467   -24.64693  0.79923    2.97038    -0.06542
8.89933    -5.59319   -24.54888  0.79459    2.97643    -0.05978
8.70447    -5.53613   -24.47280  0.79995    2.97078    -0.07130
8.89203    -5.72626   -24.54281  0.79133    2.96736    -0.06455
8.29001    -5.63027   -24.52226  0.79276    2.97069    -0.06997
8.83433    -5.58013   -24.45453  0.80012    2.96277    -0.06659
8.74000    -5.70460   -24.62932  0.79572    2.96898    -0.06494
8.58733    -5.75666   -24.49136  0.79122    2.96042    -0.06529
8.62290    -5.66800   -24.16822  0.78995    2.96673    -0.05865
8.79380    -5.42309   -24.43612  0.80058    2.96390    -0.05793
8.37430    -5.70960   -24.69061  0.79402    2.96527    -0.05818
8.71691    -5.47347   -24.52178  0.79778    2.96895    -0.06433
9.19658    -5.60093   -24.37571  0.79712    2.96637    -0.06743
8.41456    -5.89436   -24.74751  0.80359    2.96682    -0.07471
9.21268    -5.48035   -24.50518  0.79781    2.96898    -0.06952
8.80441   -5.73593  -24.33834 0.80132   2.96503   -0.07568
8.02422    -5.70238   -24.64252  0.80112    2.97638    -0.06657
8.93648    -5.61186   -24.33551  0.79468    2.97080    -0.06640
8.76066   -5.69391  -24.57934 0.79318   2.96061   -0.07148
9.03508  -5.59359 -24.38511 0.79163  2.96917  -0.06130
9.35243    -5.74811   -24.31110  0.78796    2.95969    -0.06655
8.85938    -5.68925   -24.58754  0.79915    2.96214    -0.06389
8.80300    -5.59704   -24.29196  0.79124    2.96443    -0.06338
8.91999   -5.72625  -24.54996 0.79974   2.96610   -0.07916
8.79683    -5.83574   -24.21736  0.80090    2.96340    -0.06597
8.37136    -5.79504   -24.71010  0.80384    2.97108    -0.06917
8.51400    -5.74088   -24.57182  0.80057    2.97089    -0.06993
8.47672    -5.70855   -24.63953  0.80087    2.96929    -0.07588
8.70718    -5.69643   -24.66249  0.79886    2.97105    -0.06301
9.17824    -5.69542   -24.55724  0.79839    2.96946    -0.07666
9.09946    -5.49498   -24.53427  0.79836    2.96459    -0.06437
8.88506    -5.73518   -24.26626  0.80169    2.96440    -0.06993
8.67483    -5.77532   -24.49168  0.80210    2.96134    -0.06530
8.96750    -5.52490   -24.31876  0.80703    2.97113    -0.07830
8.60441    -5.66551   -24.83776  0.80950    2.96087    -0.07018
8.69626    -6.07602   -24.40119  0.77863    2.97724    -0.06347
8.62789   -5.14419  -24.33476 0.77564   3.01769   -0.01440
8.17470   -5.16306  -26.98518 0.75297   3.07849   0.06436
9.27082  -3.82583 -25.81417 0.72713  3.12763  0.17354
9.76526  -3.61524 -25.93868 0.73062  3.19637  0.24709
8.46343  -3.67068 -27.35509 0.72342  3.25770  0.30752
10.67002 -2.40619 -27.98035 0.69804  3.34442  0.39068
10.59014 -1.92793 -28.11806 0.66902  3.41233  0.49764
10.28040 -1.39859 -29.01215 0.64482  3.47226  0.58690
10.91622  -0.36360  -30.13920 0.63074   3.56610   0.73256
12.22671 1.06116  -30.84766 0.58082  3.69489  0.88399
11.74540 0.68194  -32.94430 0.57838  3.86958  0.99182
13.13912 0.49748  -37.26500 0.63698  4.26029  1.04042
10.14327 -1.04830 -41.14629 0.75198  4.63385  0.92905
12.14405 -2.08209 -44.66610 0.84966  4.99253  0.84591
11.07907 -3.01877 -47.10032 0.92187  5.17693  0.64537
9.41472  -2.55300 -46.74089 0.85746  5.12629  0.65260
12.55343 -2.52725 -45.57306 0.77229  5.01222  0.68251
9.34842  -3.49869 -46.59481 0.84136  5.14674  0.50974
9.62831  -2.97896 -47.88603 0.81450  5.11314  0.54943
9.37785  -3.33360 -48.71924 0.84697  5.32707  0.52345
8.83234  -3.94800 -50.24531 0.83253  5.43485  0.43673
11.76078 -1.48938 -46.38821 0.75922  5.01228  0.40383
13.78765 -1.43111 -42.38358 0.45567  4.58983  0.73636
12.10583 -1.26759 -38.44369 0.44433  4.26736  0.61755
14.02870 -1.07629 -39.06875 1.66318  4.68845  0.76165
9.93903  -4.27218 -51.90230 1.73840  5.84794  0.81009
10.75735 -2.82923 -50.74683 3.12717  4.99962  0.18516
12.69884  3.14283   -52.77697 5.28172   4.45142   -0.21336
15.50244  4.90469   -63.96468 9.26261   4.86245   -0.58665
11.44025 1.92067  -72.86107 11.97298 5.85992  -1.23674
12.59039  1.40798   -81.04603 13.64722  6.40895   -0.79407
9.70160  -1.45696 -80.60054 13.27424 6.31252  -1.65104
11.49899  1.62168   -88.35953 14.87834  6.85681   -0.59917
10.60893 3.41689  -97.27906 17.04959 7.60231  0.25346
9.28980  3.62585  -108.40095 18.98440 8.64170  0.75543
7.08458  2.31084  -113.75278 20.70337 8.96190  1.10539
3.21610  2.79656  -115.15893 20.69030 9.21417  0.11312
1.30703   3.12900   -111.15860 20.64982  8.71073   -0.13002
-1.06500  4.39005   -118.11401 21.73209  9.37894   -0.65441
-5.82614 2.73691  -121.36180 22.90630 9.66127  -1.39141
-8.98548 0.15342  -127.18174 24.16047 10.16656 -2.09312
-12.75747 -10.26198 -135.26556 24.60384 11.09453 -3.54114
-14.93505 -16.88152 -143.06458 25.07885 11.95184 -4.69447
-15.21191 -19.21881 -145.17544 25.45138 12.26948 -5.22489
-16.18907 -20.33262 -150.91876 25.68524 13.00123 -5.43042
-17.42567 -21.05239 -153.17173 25.92414 13.50247 -5.67091
-17.83682 -21.21014 -151.81542 26.09870 13.40837 -5.81125
-17.38312 -21.32080 -148.84486 26.14543 13.24493 -5.93219
-16.29555 -21.25364 -142.98513 26.08004 12.81458 -5.84847
-21.02534 -29.80916 -137.11337 26.07618 12.43366 -7.06286
-23.87903 -39.03669 -136.00672 26.15354 12.64430 -9.11967
-25.46105 -44.64374 -131.66086 26.26749 12.62723 -10.35625
-29.25231 -50.28720 -123.29920 26.60571 12.38033 -11.67882
-31.41783 -55.39322 -121.73298 27.31676 13.23932 -13.10274
-34.90373 -56.04589 -119.79032 27.92632 14.21300 -14.34902
-35.79021 -54.39313 -120.94366 28.99903 16.31298 -15.60501
-39.32074 -55.34636 -121.92594 29.42184 18.53428 -16.78632
-43.25510 -58.35047 -124.40415 29.99664 20.41467 -17.98977
-44.94065 -63.60447 -129.23157 30.11020 21.54146 -17.82028
-44.30328 -66.17849 -132.40620 30.19336 22.36564 -18.25351
-46.92375 -69.87900 -132.12533 30.00055 23.13427 -19.08656
-48.35012 -72.89088 -132.00852 29.89127 24.27765 -19.52528
-48.37647 -75.68719 -130.95305 29.56452 25.28022 -19.68902
-47.53199 -77.51884 -130.00231 28.95098 26.11982 -19.78822
-48.54072 -79.15001 -128.39030 28.28589 26.67169 -20.11135
-47.38626 -76.81169 -128.46765 27.85047 26.96512 -19.91305
-45.80810 -72.03729 -127.16696 27.19557 26.74547 -19.14140
-38.25650 -65.54786 -125.81820 26.67873 25.81608 -18.40898
-32.07066 -62.05047 -141.22325 26.57374 30.79999 -16.65110
-30.44492 -58.58499 -152.66401 26.05563 32.71828 -15.15017
-29.90628 -54.95549 -163.79288 25.34085 33.82059 -13.13027
-21.94861 -53.63294 -166.93716 24.49493 34.56901 -11.25646
-22.96725 -59.40655 -173.32787 23.14653 36.16258 -9.97344
-22.42078 -66.59644 -179.69763 20.98922 37.48198 -8.62735
-24.80923 -67.62826 -180.65998 19.49138 37.57323 -8.38823
-27.60077 -67.54655 -180.89409 18.14475 37.23355 -8.26696
-28.83759 -66.59666 -174.86937 16.81794 36.16307 -7.50545
-17.20834 -55.04064 -171.36761 17.51225 35.51189 -4.10527
7.82344  -50.50936 -232.10902 19.23975 42.61542 -4.66261
-53.97472 -65.03537 -214.29695 15.74231 41.22313 -8.24360
-60.47357 -66.67458 -192.26760 13.75368 36.81163 -10.14534
-43.77126 -67.85696 -184.03686 12.60317 33.66786 -9.69871
-50.85243 -71.19183 -162.34224 12.54284 30.85104 -7.30190
-59.38851 -67.65828 -130.17199 10.31827 23.46376 -8.32128
-65.56585 -84.24357 -77.42549 5.48560  14.22781 -16.76321
-39.70792 -61.11780 -44.24783 4.92530  6.30058  -13.26816
-0.48393 -37.26916 -33.40888 4.04365  4.13051  -11.27708
-18.16390 -30.70162 -22.84144 1.18894  1.74810  -7.79899
-29.74715 -38.60612 -19.62397 -0.48878  5.60984   -8.97471
-26.46099 -70.56990 13.78140 -5.46201 2.95299  -10.10578
-1.33538 -80.59319 52.85745 -8.13298 -3.17138 -11.43972
28.13109 -59.22393 46.83458 -6.31621 -4.91251 -7.52911
3.02490  -53.37074 42.59063 -7.69587 -2.33735 -7.89594
23.67661 18.43074 28.14951 0.91137  -3.62435 1.85976
-7.86685  5.87330   7.69875   0.18609   0.03583   0.13011
-13.77451 5.71162  8.47586  0.92852  0.61619  0.89794
-2.02337  9.97796   4.88064   0.76510   -0.33218  0.76823
-5.59702 6.49071  -2.92339 0.76926  0.70525  0.79244
-6.51371 1.41894  -5.63103 0.38555  0.61109  0.21248
-6.15557  -2.68345  -4.44330  0.02884   0.55414   0.07246
-4.98794   -2.70318   -4.97656   -0.03977   0.67141    -0.03719
-3.48500 0.25919  -7.35632 0.37800  0.64747  0.21463
-2.10515  -0.36550  -5.55907  0.15985   0.26170   0.06348
-5.18794  -3.10393  -6.28480  0.03729   0.58210   0.07049
-7.70191   -2.40475   -1.46044   -0.10955   0.62407    -0.06152
-5.11583 3.60599  -1.68351 0.42343  0.54712  0.38968
-8.21665 2.15212  1.79767  0.29947  0.41117  0.18351
-4.28662   5.11456    3.16022    0.58196    -0.01302   0.33160
-2.94791 1.82904  3.34383  0.36075  0.10042  0.25530
-2.44463  -1.31188  1.39015   0.07068   0.08078   0.08546
-4.16534    -1.72227    0.15761     0.08392     0.26578     -0.00226
-1.66344  -1.37531  -0.57329  0.08234   0.18607   0.05967
-1.55577  -1.73113  -0.75058  0.20405   0.08591   0.11225
-2.65442  -9.31667  2.53629   -0.50649  0.08140   -0.23991
-0.24834   -5.95732   -0.49606   -0.29527   0.00614    -0.17238
-2.00837  -1.21704  -2.29517  0.06293   0.20862   0.08441
-3.72810  0.33745   -3.30567  0.29642   0.35305   0.09203
-6.08043  -1.13187  -0.16155  0.12811   0.47470   0.12518
-8.24999 0.96907  1.53595  0.39678  0.54884  0.20529
-6.66174 3.35073  0.30097  0.56000  0.48729  0.29938
-3.11849  2.82889   1.22395   0.41070   0.09022   0.15197
-2.03055 1.70555  0.96618  0.40474  0.08632  0.14754
-3.42244 0.22073  0.41091  0.35817  0.26733  0.17249
-4.31776  -0.79668  -1.19097  0.13361   0.27291   0.08145
-4.40385  -1.65000  -2.23358  0.11304   0.32474   0.02746
-4.97939  -2.51859  -1.85831  0.11906   0.43786   0.05681
-5.56832  -2.13369  -0.27635  0.10115   0.42018   0.04449
-4.00932  -1.25813  0.17173   0.09134   0.23348   0.03133
-1.84399   0.29995    1.55767    0.29398    -0.07397   0.02692
-1.97045  0.93106   2.66144   0.37509   0.06228   0.05840
-2.70896 1.37369  2.00121  0.46136  0.10166  0.14972
-3.93154 0.69960  0.21653  0.34800  0.20270  0.10952
-4.57660  -1.31605  -0.50466  0.12596   0.27331   0.03380
-4.80176  -1.59249  -0.91420  0.06962   0.34088   0.03370
1.35351   -4.02628  15.38635  -0.16940  0.31375   0.07023
32.24167 11.72147 7.92856  1.44591  -3.72317 0.32968
3.81410    -2.13605   8.77370    -0.08740   -0.65778   -0.09961
-3.55409  0.12876   -8.12398  0.46940   0.26937   0.05636
